2 100 5
2 200 5
2 300 5
2 400 5
2 500 5
2 600 5
2 700 5
2 800 5
2 900 5
2 1000 5
2 1100 5
2 1200 5
2 1300 5
2 1400 5
2 1500 5
2 1600 5
2 1700 5
2 1800 5
2 1900 5
2 2000 5
2 2100 5
2 2200 5
2 2300 5
2 2400 5
2 2500 5
2 2600 5
2 2700 5
2 2800 5
2 2900 5
2 3000 5
2 3100 5
2 3200 5
2 3300 5
2 3400 5
2 3500 5
2 3600 5
2 3700 5
2 3800 5
2 3900 5
2 4000 5
2 4100 5
2 4200 5
2 4300 5
2 4400 5
2 4500 5
2 4600 5
2 4700 5
2 4800 5
2 4900 5
2 5000 5
2 100 6
2 200 6
2 300 6
2 400 6
2 500 6
2 600 6
2 700 6
2 800 6
2 900 6
2 1000 6
2 1100 6
2 1200 6
2 1300 6
2 1400 6
2 1500 6
2 1600 6
2 1700 6
2 1800 6
2 1900 6
2 2000 6
2 2100 6
2 2200 6
2 2300 6
2 2400 6
2 2500 6
2 2600 6
2 2700 6
2 2800 6
2 2900 6
2 3000 6
2 3100 6
2 3200 6
2 3300 6
2 3400 6
2 3500 6
2 3600 6
2 3700 6
2 3800 6
2 3900 6
2 4000 6
2 4100 6
2 4200 6
2 4300 6
2 4400 6
2 4500 6
2 4600 6
2 4700 6
2 4800 6
2 4900 6
2 5000 6
2 100 5
2 200 5
2 300 5
2 400 5
2 500 5
2 600 5
2 700 5
2 800 5
2 900 5
2 1000 5
2 1100 5
2 1200 5
2 1300 5
2 1400 5
2 1500 5
2 1600 5
2 1700 5
2 1800 5
2 1900 5
2 2000 5
2 2100 5
2 2200 5
2 2300 5
2 2400 5
2 2500 5
2 2600 5
2 2700 5
2 2800 5
2 2900 5
2 3000 5
2 3100 5
2 3200 5
2 3300 5
2 3400 5
2 3500 5
2 3600 5
2 3700 5
2 3800 5
2 3900 5
2 4000 5
2 4100 5
2 4200 5
2 4300 5
2 4400 5
2 4500 5
2 4600 5
2 4700 5
2 4800 5
2 4900 5
2 5000 5
2 100 6
2 200 6
2 300 6
2 400 6
2 500 6
2 600 6
2 700 6
2 800 6
2 900 6
2 1000 6
2 1100 6
2 1200 6
2 1300 6
2 1400 6
2 1500 6
2 1600 6
2 1700 6
2 1800 6
2 1900 6
2 2000 6
2 2100 6
2 2200 6
2 2300 6
2 2400 6
2 2500 6
2 2600 6
2 2700 6
2 2800 6
2 2900 6
2 3000 6
2 3100 6
2 3200 6
2 3300 6
2 3400 6
2 3500 6
2 3600 6
2 3700 6
2 3800 6
2 3900 6
2 4000 6
2 4100 6
2 4200 6
2 4300 6
2 4400 6
2 4500 6
2 4600 6
2 4700 6
2 4800 6
2 4900 6
2 5000 6
2 100 5
2 200 5
2 300 5
2 400 5
2 500 5
2 600 5
2 700 5
2 800 5
2 900 5
2 1000 5
2 1100 5
2 1200 5
2 1300 5
2 1400 5
2 1500 5
2 1600 5
2 1700 5
2 1800 5
2 1900 5
2 2000 5
2 2100 5
2 2200 5
2 2300 5
2 2400 5
2 2500 5
2 2600 5
2 2700 5
2 2800 5
2 2900 5
2 3000 5
2 3100 5
2 3200 5
2 3300 5
2 3400 5
2 3500 5
2 3600 5
2 3700 5
2 3800 5
2 3900 5
2 4000 5
2 4100 5
2 4200 5
2 4300 5
2 4400 5
2 4500 5
2 4600 5
2 4700 5
2 4800 5
2 4900 5
2 5000 5
2 100 6
2 200 6
2 300 6
2 400 6
2 500 6
2 600 6
2 700 6
2 800 6
2 900 6
2 1000 6
2 1100 6
2 1200 6
2 1300 6
2 1400 6
2 1500 6
2 1600 6
2 1700 6
2 1800 6
2 1900 6
2 2000 6
2 2100 6
2 2200 6
2 2300 6
2 2400 6
2 2500 6
2 2600 6
2 2700 6
2 2800 6
2 2900 6
2 3000 6
2 3100 6
2 3200 6
2 3300 6
2 3400 6
2 3500 6
2 3600 6
2 3700 6
2 3800 6
2 3900 6
2 4000 6
2 4100 6
2 4200 6
2 4300 6
2 4400 6
2 4500 6
2 4600 6
2 4700 6
2 4800 6
2 4900 6
2 5000 6
2 100 5
2 200 5
2 300 5
2 400 5
2 500 5
2 600 5
2 700 5
2 800 5
2 900 5
2 1000 5
2 1100 5
2 1200 5
2 1300 5
2 1400 5
2 1500 5
2 1600 5
2 1700 5
2 1800 5
2 1900 5
2 2000 5
2 2100 5
2 2200 5
2 2300 5
2 2400 5
2 2500 5
2 2600 5
2 2700 5
2 2800 5
2 2900 5
2 3000 5
2 3100 5
2 3200 5
2 3300 5
2 3400 5
2 3500 5
2 3600 5
2 3700 5
2 3800 5
2 3900 5
2 4000 5
2 4100 5
2 4200 5
2 4300 5
2 4400 5
2 4500 5
2 4600 5
2 4700 5
2 4800 5
2 4900 5
2 5000 5
2 100 6
2 200 6
2 300 6
2 400 6
2 500 6
2 600 6
2 700 6
2 800 6
2 900 6
2 1000 6
2 1100 6
2 1200 6
2 1300 6
2 1400 6
2 1500 6
2 1600 6
2 1700 6
2 1800 6
2 1900 6
2 2000 6
2 2100 6
2 2200 6
2 2300 6
2 2400 6
2 2500 6
2 2600 6
2 2700 6
2 2800 6
2 2900 6
2 3000 6
2 3100 6
2 3200 6
2 3300 6
2 3400 6
2 3500 6
2 3600 6
2 3700 6
2 3800 6
2 3900 6
2 4000 6
2 4100 6
2 4200 6
2 4300 6
2 4400 6
2 4500 6
2 4600 6
2 4700 6
2 4800 6
2 4900 6
2 5000 6
2 100 5
2 200 5
2 300 5
2 400 5
2 500 5
2 600 5
2 700 5
2 800 5
2 900 5
2 1000 5
2 1100 5
2 1200 5
2 1300 5
2 1400 5
2 1500 5
2 1600 5
2 1700 5
2 1800 5
2 1900 5
2 2000 5
2 2100 5
2 2200 5
2 2300 5
2 2400 5
2 2500 5
2 2600 5
2 2700 5
2 2800 5
2 2900 5
2 3000 5
2 3100 5
2 3200 5
2 3300 5
2 3400 5
2 3500 5
2 3600 5
2 3700 5
2 3800 5
2 3900 5
2 4000 5
2 4100 5
2 4200 5
2 4300 5
2 4400 5
2 4500 5
2 4600 5
2 4700 5
2 4800 5
2 4900 5
2 5000 5
2 100 6
2 200 6
2 300 6
2 400 6
2 500 6
2 600 6
2 700 6
2 800 6
2 900 6
2 1000 6
2 1100 6
2 1200 6
2 1300 6
2 1400 6
2 1500 6
2 1600 6
2 1700 6
2 1800 6
2 1900 6
2 2000 6
2 2100 6
2 2200 6
2 2300 6
2 2400 6
2 2500 6
2 2600 6
2 2700 6
2 2800 6
2 2900 6
2 3000 6
2 3100 6
2 3200 6
2 3300 6
2 3400 6
2 3500 6
2 3600 6
2 3700 6
2 3800 6
2 3900 6
2 4000 6
2 4100 6
2 4200 6
2 4300 6
2 4400 6
2 4500 6
2 4600 6
2 4700 6
2 4800 6
2 4900 6
2 5000 6
2 100 5
2 200 5
2 300 5
2 400 5
2 500 5
2 600 5
2 700 5
2 800 5
2 900 5
2 1000 5
2 1100 5
2 1200 5
2 1300 5
2 1400 5
2 1500 5
2 1600 5
2 1700 5
2 1800 5
2 1900 5
2 2000 5
2 2100 5
2 2200 5
2 2300 5
2 2400 5
2 2500 5
2 2600 5
2 2700 5
2 2800 5
2 2900 5
2 3000 5
2 3100 5
2 3200 5
2 3300 5
2 3400 5
2 3500 5
2 3600 5
2 3700 5
2 3800 5
2 3900 5
2 4000 5
2 4100 5
2 4200 5
2 4300 5
2 4400 5
2 4500 5
2 4600 5
2 4700 5
2 4800 5
2 4900 5
2 5000 5
2 100 6
2 200 6
2 300 6
2 400 6
2 500 6
2 600 6
2 700 6
2 800 6
2 900 6
2 1000 6
2 1100 6
2 1200 6
2 1300 6
2 1400 6
2 1500 6
2 1600 6
2 1700 6
2 1800 6
2 1900 6
2 2000 6
2 2100 6
2 2200 6
2 2300 6
2 2400 6
2 2500 6
2 2600 6
2 2700 6
2 2800 6
2 2900 6
2 3000 6
2 3100 6
2 3200 6
2 3300 6
2 3400 6
2 3500 6
2 3600 6
2 3700 6
2 3800 6
2 3900 6
2 4000 6
2 4100 6
2 4200 6
2 4300 6
2 4400 6
2 4500 6
2 4600 6
2 4700 6
2 4800 6
2 4900 6
2 5000 6
4 100 5
4 200 5
4 300 5
4 400 5
4 500 5
4 600 5
4 700 5
4 800 5
4 900 5
4 1000 5
4 1100 5
4 1200 5
4 1300 5
4 1400 5
4 1500 5
4 1600 5
4 1700 5
4 1800 5
4 1900 5
4 2000 5
4 2100 5
4 2200 5
4 2300 5
4 2400 5
4 2500 5
4 2600 5
4 2700 5
4 2800 5
4 2900 5
4 3000 5
4 3100 5
4 3200 5
4 3300 5
4 3400 5
4 3500 5
4 3600 5
4 3700 5
4 3800 5
4 3900 5
4 4000 5
4 4100 5
4 4200 5
4 4300 5
4 4400 5
4 4500 5
4 4600 5
4 4700 5
4 4800 5
4 4900 5
4 5000 5
4 100 6
4 200 6
4 300 6
4 400 6
4 500 6
4 600 6
4 700 6
4 800 6
4 900 6
4 1000 6
4 1100 6
4 1200 6
4 1300 6
4 1400 6
4 1500 6
4 1600 6
4 1700 6
4 1800 6
4 1900 6
4 2000 6
4 2100 6
4 2200 6
4 2300 6
4 2400 6
4 2500 6
4 2600 6
4 2700 6
4 2800 6
4 2900 6
4 3000 6
4 3100 6
4 3200 6
4 3300 6
4 3400 6
4 3500 6
4 3600 6
4 3700 6
4 3800 6
4 3900 6
4 4000 6
4 4100 6
4 4200 6
4 4300 6
4 4400 6
4 4500 6
4 4600 6
4 4700 6
4 4800 6
4 4900 6
4 5000 6
4 100 5
4 200 5
4 300 5
4 400 5
4 500 5
4 600 5
4 700 5
4 800 5
4 900 5
4 1000 5
4 1100 5
4 1200 5
4 1300 5
4 1400 5
4 1500 5
4 1600 5
4 1700 5
4 1800 5
4 1900 5
4 2000 5
4 2100 5
4 2200 5
4 2300 5
4 2400 5
4 2500 5
4 2600 5
4 2700 5
4 2800 5
4 2900 5
4 3000 5
4 3100 5
4 3200 5
4 3300 5
4 3400 5
4 3500 5
4 3600 5
4 3700 5
4 3800 5
4 3900 5
4 4000 5
4 4100 5
4 4200 5
4 4300 5
4 4400 5
4 4500 5
4 4600 5
4 4700 5
4 4800 5
4 4900 5
4 5000 5
4 100 6
4 200 6
4 300 6
4 400 6
4 500 6
4 600 6
4 700 6
4 800 6
4 900 6
4 1000 6
4 1100 6
4 1200 6
4 1300 6
4 1400 6
4 1500 6
4 1600 6
4 1700 6
4 1800 6
4 1900 6
4 2000 6
4 2100 6
4 2200 6
4 2300 6
4 2400 6
4 2500 6
4 2600 6
4 2700 6
4 2800 6
4 2900 6
4 3000 6
4 3100 6
4 3200 6
4 3300 6
4 3400 6
4 3500 6
4 3600 6
4 3700 6
4 3800 6
4 3900 6
4 4000 6
4 4100 6
4 4200 6
4 4300 6
4 4400 6
4 4500 6
4 4600 6
4 4700 6
4 4800 6
4 4900 6
4 5000 6
4 100 5
4 200 5
4 300 5
4 400 5
4 500 5
4 600 5
4 700 5
4 800 5
4 900 5
4 1000 5
4 1100 5
4 1200 5
4 1300 5
4 1400 5
4 1500 5
4 1600 5
4 1700 5
4 1800 5
4 1900 5
4 2000 5
4 2100 5
4 2200 5
4 2300 5
4 2400 5
4 2500 5
4 2600 5
4 2700 5
4 2800 5
4 2900 5
4 3000 5
4 3100 5
4 3200 5
4 3300 5
4 3400 5
4 3500 5
4 3600 5
4 3700 5
4 3800 5
4 3900 5
4 4000 5
4 4100 5
4 4200 5
4 4300 5
4 4400 5
4 4500 5
4 4600 5
4 4700 5
4 4800 5
4 4900 5
4 5000 5
4 100 6
4 200 6
4 300 6
4 400 6
4 500 6
4 600 6
4 700 6
4 800 6
4 900 6
4 1000 6
4 1100 6
4 1200 6
4 1300 6
4 1400 6
4 1500 6
4 1600 6
4 1700 6
4 1800 6
4 1900 6
4 2000 6
4 2100 6
4 2200 6
4 2300 6
4 2400 6
4 2500 6
4 2600 6
4 2700 6
4 2800 6
4 2900 6
4 3000 6
4 3100 6
4 3200 6
4 3300 6
4 3400 6
4 3500 6
4 3600 6
4 3700 6
4 3800 6
4 3900 6
4 4000 6
4 4100 6
4 4200 6
4 4300 6
4 4400 6
4 4500 6
4 4600 6
4 4700 6
4 4800 6
4 4900 6
4 5000 6
4 100 5
4 200 5
4 300 5
4 400 5
4 500 5
4 600 5
4 700 5
4 800 5
4 900 5
4 1000 5
4 1100 5
4 1200 5
4 1300 5
4 1400 5
4 1500 5
4 1600 5
4 1700 5
4 1800 5
4 1900 5
4 2000 5
4 2100 5
4 2200 5
4 2300 5
4 2400 5
4 2500 5
4 2600 5
4 2700 5
4 2800 5
4 2900 5
4 3000 5
4 3100 5
4 3200 5
4 3300 5
4 3400 5
4 3500 5
4 3600 5
4 3700 5
4 3800 5
4 3900 5
4 4000 5
4 4100 5
4 4200 5
4 4300 5
4 4400 5
4 4500 5
4 4600 5
4 4700 5
4 4800 5
4 4900 5
4 5000 5
4 100 6
4 200 6
4 300 6
4 400 6
4 500 6
4 600 6
4 700 6
4 800 6
4 900 6
4 1000 6
4 1100 6
4 1200 6
4 1300 6
4 1400 6
4 1500 6
4 1600 6
4 1700 6
4 1800 6
4 1900 6
4 2000 6
4 2100 6
4 2200 6
4 2300 6
4 2400 6
4 2500 6
4 2600 6
4 2700 6
4 2800 6
4 2900 6
4 3000 6
4 3100 6
4 3200 6
4 3300 6
4 3400 6
4 3500 6
4 3600 6
4 3700 6
4 3800 6
4 3900 6
4 4000 6
4 4100 6
4 4200 6
4 4300 6
4 4400 6
4 4500 6
4 4600 6
4 4700 6
4 4800 6
4 4900 6
4 5000 6
4 100 5
4 200 5
4 300 5
4 400 5
4 500 5
4 600 5
4 700 5
4 800 5
4 900 5
4 1000 5
4 1100 5
4 1200 5
4 1300 5
4 1400 5
4 1500 5
4 1600 5
4 1700 5
4 1800 5
4 1900 5
4 2000 5
4 2100 5
4 2200 5
4 2300 5
4 2400 5
4 2500 5
4 2600 5
4 2700 5
4 2800 5
4 2900 5
4 3000 5
4 3100 5
4 3200 5
4 3300 5
4 3400 5
4 3500 5
4 3600 5
4 3700 5
4 3800 5
4 3900 5
4 4000 5
4 4100 5
4 4200 5
4 4300 5
4 4400 5
4 4500 5
4 4600 5
4 4700 5
4 4800 5
4 4900 5
4 5000 5
4 100 6
4 200 6
4 300 6
4 400 6
4 500 6
4 600 6
4 700 6
4 800 6
4 900 6
4 1000 6
4 1100 6
4 1200 6
4 1300 6
4 1400 6
4 1500 6
4 1600 6
4 1700 6
4 1800 6
4 1900 6
4 2000 6
4 2100 6
4 2200 6
4 2300 6
4 2400 6
4 2500 6
4 2600 6
4 2700 6
4 2800 6
4 2900 6
4 3000 6
4 3100 6
4 3200 6
4 3300 6
4 3400 6
4 3500 6
4 3600 6
4 3700 6
4 3800 6
4 3900 6
4 4000 6
4 4100 6
4 4200 6
4 4300 6
4 4400 6
4 4500 6
4 4600 6
4 4700 6
4 4800 6
4 4900 6
4 5000 6
6 100 5
6 200 5
6 300 5
6 400 5
6 500 5
6 600 5
6 700 5
6 800 5
6 900 5
6 1000 5
6 1100 5
6 1200 5
6 1300 5
6 1400 5
6 1500 5
6 1600 5
6 1700 5
6 1800 5
6 1900 5
6 2000 5
6 2100 5
6 2200 5
6 2300 5
6 2400 5
6 2500 5
6 2600 5
6 2700 5
6 2800 5
6 2900 5
6 3000 5
6 3100 5
6 3200 5
6 3300 5
6 3400 5
6 3500 5
6 3600 5
6 3700 5
6 3800 5
6 3900 5
6 4000 5
6 4100 5
6 4200 5
6 4300 5
6 4400 5
6 4500 5
6 4600 5
6 4700 5
6 4800 5
6 4900 5
6 5000 5
6 100 6
6 200 6
6 300 6
6 400 6
6 500 6
6 600 6
6 700 6
6 800 6
6 900 6
6 1000 6
6 1100 6
6 1200 6
6 1300 6
6 1400 6
6 1500 6
6 1600 6
6 1700 6
6 1800 6
6 1900 6
6 2000 6
6 2100 6
6 2200 6
6 2300 6
6 2400 6
6 2500 6
6 2600 6
6 2700 6
6 2800 6
6 2900 6
6 3000 6
6 3100 6
6 3200 6
6 3300 6
6 3400 6
6 3500 6
6 3600 6
6 3700 6
6 3800 6
6 3900 6
6 4000 6
6 4100 6
6 4200 6
6 4300 6
6 4400 6
6 4500 6
6 4600 6
6 4700 6
6 4800 6
6 4900 6
6 5000 6
6 100 5
6 200 5
6 300 5
6 400 5
6 500 5
6 600 5
6 700 5
6 800 5
6 900 5
6 1000 5
6 1100 5
6 1200 5
6 1300 5
6 1400 5
6 1500 5
6 1600 5
6 1700 5
6 1800 5
6 1900 5
6 2000 5
6 2100 5
6 2200 5
6 2300 5
6 2400 5
6 2500 5
6 2600 5
6 2700 5
6 2800 5
6 2900 5
6 3000 5
6 3100 5
6 3200 5
6 3300 5
6 3400 5
6 3500 5
6 3600 5
6 3700 5
6 3800 5
6 3900 5
6 4000 5
6 4100 5
6 4200 5
6 4300 5
6 4400 5
6 4500 5
6 4600 5
6 4700 5
6 4800 5
6 4900 5
6 5000 5
6 100 6
6 200 6
6 300 6
6 400 6
6 500 6
6 600 6
6 700 6
6 800 6
6 900 6
6 1000 6
6 1100 6
6 1200 6
6 1300 6
6 1400 6
6 1500 6
6 1600 6
6 1700 6
6 1800 6
6 1900 6
6 2000 6
6 2100 6
6 2200 6
6 2300 6
6 2400 6
6 2500 6
6 2600 6
6 2700 6
6 2800 6
6 2900 6
6 3000 6
6 3100 6
6 3200 6
6 3300 6
6 3400 6
6 3500 6
6 3600 6
6 3700 6
6 3800 6
6 3900 6
6 4000 6
6 4100 6
6 4200 6
6 4300 6
6 4400 6
6 4500 6
6 4600 6
6 4700 6
6 4800 6
6 4900 6
6 5000 6
6 100 5
6 200 5
6 300 5
6 400 5
6 500 5
6 600 5
6 700 5
6 800 5
6 900 5
6 1000 5
6 1100 5
6 1200 5
6 1300 5
6 1400 5
6 1500 5
6 1600 5
6 1700 5
6 1800 5
6 1900 5
6 2000 5
6 2100 5
6 2200 5
6 2300 5
6 2400 5
6 2500 5
6 2600 5
6 2700 5
6 2800 5
6 2900 5
6 3000 5
6 3100 5
6 3200 5
6 3300 5
6 3400 5
6 3500 5
6 3600 5
6 3700 5
6 3800 5
6 3900 5
6 4000 5
6 4100 5
6 4200 5
6 4300 5
6 4400 5
6 4500 5
6 4600 5
6 4700 5
6 4800 5
6 4900 5
6 5000 5
6 100 6
6 200 6
6 300 6
6 400 6
6 500 6
6 600 6
6 700 6
6 800 6
6 900 6
6 1000 6
6 1100 6
6 1200 6
6 1300 6
6 1400 6
6 1500 6
6 1600 6
6 1700 6
6 1800 6
6 1900 6
6 2000 6
6 2100 6
6 2200 6
6 2300 6
6 2400 6
6 2500 6
6 2600 6
6 2700 6
6 2800 6
6 2900 6
6 3000 6
6 3100 6
6 3200 6
6 3300 6
6 3400 6
6 3500 6
6 3600 6
6 3700 6
6 3800 6
6 3900 6
6 4000 6
6 4100 6
6 4200 6
6 4300 6
6 4400 6
6 4500 6
6 4600 6
6 4700 6
6 4800 6
6 4900 6
6 5000 6
6 100 5
6 200 5
6 300 5
6 400 5
6 500 5
6 600 5
6 700 5
6 800 5
6 900 5
6 1000 5
6 1100 5
6 1200 5
6 1300 5
6 1400 5
6 1500 5
6 1600 5
6 1700 5
6 1800 5
6 1900 5
6 2000 5
6 2100 5
6 2200 5
6 2300 5
6 2400 5
6 2500 5
6 2600 5
6 2700 5
6 2800 5
6 2900 5
6 3000 5
6 3100 5
6 3200 5
6 3300 5
6 3400 5
6 3500 5
6 3600 5
6 3700 5
6 3800 5
6 3900 5
6 4000 5
6 4100 5
6 4200 5
6 4300 5
6 4400 5
6 4500 5
6 4600 5
6 4700 5
6 4800 5
6 4900 5
6 5000 5
6 100 6
6 200 6
6 300 6
6 400 6
6 500 6
6 600 6
6 700 6
6 800 6
6 900 6
6 1000 6
6 1100 6
6 1200 6
6 1300 6
6 1400 6
6 1500 6
6 1600 6
6 1700 6
6 1800 6
6 1900 6
6 2000 6
6 2100 6
6 2200 6
6 2300 6
6 2400 6
6 2500 6
6 2600 6
6 2700 6
6 2800 6
6 2900 6
6 3000 6
6 3100 6
6 3200 6
6 3300 6
6 3400 6
6 3500 6
6 3600 6
6 3700 6
6 3800 6
6 3900 6
6 4000 6
6 4100 6
6 4200 6
6 4300 6
6 4400 6
6 4500 6
6 4600 6
6 4700 6
6 4800 6
6 4900 6
6 5000 6
