17
91
287
658
1270
2148
3604
5377
8045
11344
23
197
672
1603
3108
5387
8596
12810
18172
24988
13
91
287
656
1263
2140
3413
5162
7980
11981
25
199
672
1602
3101
5391
8599
12850
18210
25014
13
91
287
656
1261
2139
3367
5229
8029
12252
25
200
672
1601
3105
5381
8593
12825
18172
24993
13
91
287
657
1262
2141
3394
5158
7914
12185
24
199
671
1600
3093
5370
8593
12854
18222
25052
13
91
288
659
1267
2140
3372
5151
8115
11944
25
200
672
1598
3106
5386
8595
12866
18268
25127
8
45
144
332
673
1139
1863
3272
5278
7513
34
249
746
1739
3366
5876
9393
13995
19980
27399
7
45
144
350
847
1487
2360
3591
5335
7493
33
247
767
1767
3441
5918
9408
13975
20029
27389
7
45
144
351
845
1488
2353
3600
5272
7479
34
248
764
1752
3421
5931
9420
14032
20024
27460
7
45
143
353
849
1487
2379
3638
5253
7456
34
249
761
1757
3454
5954
9439
13994
20025
27422
7
45
144
356
854
1488
2354
3628
5290
7506
34
248
764
1770
3456
5955
9415
14010
20013
27382
9
52
150
349
829
1444
2277
3531
4992
7016
21
163
565
1252
2505
4281
6872
10195
14507
19851
8
51
159
409
845
1435
2268
3504
5013
7018
20
161
546
1287
2483
4391
6782
10459
14560
19900
8
51
159
416
844
1434
2269
3529
5021
7033
19
162
541
1291
2595
4421
7083
10517
14944
20381
8
50
162
419
844
1433
2273
3554
5006
7062
21
163
539
1306
2533
4339
6988
10365
14659
20156
7
50
156
409
841
1433
2282
3538
5001
7015
21
164
550
1324
2590
4480
7057
10240
14546
19879
