14
91
287
657
1268
2149
3385
5034
8104
11690
15557
18469
26945
33230
42208
52615
63155
75024
91116
101646
123891
142753
167786
182783
217498
243939
277024
291900
347313
383735
426263
441087
517101
565561
617989
629213
730697
790329
855883
865744
998057
1065396
1144089
1147335
1308896
1394270
1494567
1492392
1685676
1782015
26
219
718
1732
3357
5893
9417
14172
20069
27623
36829
47934
60699
75894
93476
113653
135705
161458
190140
221521
255368
294037
336192
382456
431146
485478
544909
607482
674941
750067
822510
906738
990870
1085500
