12
77
257
618
1221
2113
3528
5130
8466
11853
31
260
899
2156
4171
7190
11585
17184
24416
32580
9
75
257
619
1216
2144
3456
5599
8425
11774
29
238
801
1917
3798
6453
10296
15405
21574
29829
9
76
257
619
1220
2120
3462
5398
8055
11755
27
233
799
1906
3668
6465
10243
15387
21661
29805
9
75
257
624
1226
2116
3415
5428
8054
11793
29
237
796
1901
3706
6436
10235
15385
21510
29727
9
76
257
620
1218
2115
3399
5431
8110
11864
27
231
800
1906
3641
6407
10162
15334
21685
29904
4
37
129
309
609
1057
2196
3651
5247
7434
45
356
1140
2711
5306
9134
14444
21458
30795
42102
4
37
132
382
826
1446
2323
3644
5374
7642
44
360
1161
2720
5299
9125
14418
21408
30702
41977
4
38
132
380
825
1439
2308
3643
5228
7424
44
356
1139
2713
5319
9121
14412
21464
30720
42059
4
37
132
381
826
1438
2321
3633
5255
7470
44
355
1140
2726
5319
9141
14444
21485
30823
42117
4
37
132
382
827
1443
2317
3651
5264
7468
44
356
1141
2730
5319
9146
14477
21510
30839
42164
7
44
149
385
814
1414
2257
3539
5058
7087
33
282
1026
2385
4803
8109
13075
19234
28078
37818
5
44
148
384
812
1412
2261
3549
5032
7110
34
286
973
2369
4691
8169
12830
19466
27751
38227
5
44
147
378
810
1409
2249
3561
5035
7084
34
285
998
2391
4731
8199
13095
19525
27995
38102
5
43
146
376
810
1408
2259
3552
5027
7073
34
283
1000
2410
4702
8054
12882
19823
27606
38646
5
44
154
394
812
1413
2260
3536
5059
7097
37
285
1009
2408
4803
8134
13231
19454
27894
38179
