2 1000 5
2 2000 5
2 3000 5
2 4000 5
2 5000 5
2 6000 5
2 7000 5
2 8000 5
2 9000 5
2 10000 5
2 1000 6
2 2000 6
2 3000 6
2 4000 6
2 5000 6
2 6000 6
2 7000 6
2 8000 6
2 9000 6
2 10000 6
2 1000 5
2 2000 5
2 3000 5
2 4000 5
2 5000 5
2 6000 5
2 7000 5
2 8000 5
2 9000 5
2 10000 5
2 1000 6
2 2000 6
2 3000 6
2 4000 6
2 5000 6
2 6000 6
2 7000 6
2 8000 6
2 9000 6
2 10000 6
2 1000 5
2 2000 5
2 3000 5
2 4000 5
2 5000 5
2 6000 5
2 7000 5
2 8000 5
2 9000 5
2 10000 5
2 1000 6
2 2000 6
2 3000 6
2 4000 6
2 5000 6
2 6000 6
2 7000 6
2 8000 6
2 9000 6
2 10000 6
2 1000 5
2 2000 5
2 3000 5
2 4000 5
2 5000 5
2 6000 5
2 7000 5
2 8000 5
2 9000 5
2 10000 5
2 1000 6
2 2000 6
2 3000 6
2 4000 6
2 5000 6
2 6000 6
2 7000 6
2 8000 6
2 9000 6
2 10000 6
4 1000 5
4 2000 5
4 3000 5
4 4000 5
4 5000 5
4 6000 5
4 7000 5
4 8000 5
4 9000 5
4 10000 5
4 1000 6
4 2000 6
4 3000 6
4 4000 6
4 5000 6
4 6000 6
4 7000 6
4 8000 6
4 9000 6
4 10000 6
4 1000 5
4 2000 5
4 3000 5
4 4000 5
4 5000 5
4 6000 5
4 7000 5
4 8000 5
4 9000 5
4 10000 5
4 1000 6
4 2000 6
4 3000 6
4 4000 6
4 5000 6
4 6000 6
4 7000 6
4 8000 6
4 9000 6
4 10000 6
4 1000 5
4 2000 5
4 3000 5
4 4000 5
4 5000 5
4 6000 5
4 7000 5
4 8000 5
4 9000 5
4 10000 5
4 1000 6
4 2000 6
4 3000 6
4 4000 6
4 5000 6
4 6000 6
4 7000 6
4 8000 6
4 9000 6
4 10000 6
4 1000 5
4 2000 5
4 3000 5
4 4000 5
4 5000 5
4 6000 5
4 7000 5
4 8000 5
4 9000 5
4 10000 5
4 1000 6
4 2000 6
4 3000 6
4 4000 6
4 5000 6
4 6000 6
4 7000 6
4 8000 6
4 9000 6
4 10000 6
4 1000 5
4 2000 5
4 3000 5
4 4000 5
4 5000 5
4 6000 5
4 7000 5
4 8000 5
4 9000 5
4 10000 5
4 1000 6
4 2000 6
4 3000 6
4 4000 6
4 5000 6
4 6000 6
4 7000 6
4 8000 6
4 9000 6
4 10000 6
6 1000 5
6 2000 5
6 3000 5
6 4000 5
6 5000 5
6 6000 5
6 7000 5
6 8000 5
6 9000 5
6 10000 5
6 1000 6
6 2000 6
6 3000 6
6 4000 6
6 5000 6
6 6000 6
6 7000 6
6 8000 6
6 9000 6
6 10000 6
6 1000 5
6 2000 5
6 3000 5
6 4000 5
6 5000 5
6 6000 5
6 7000 5
6 8000 5
6 9000 5
6 10000 5
6 1000 6
6 2000 6
6 3000 6
6 4000 6
6 5000 6
6 6000 6
6 7000 6
6 8000 6
6 9000 6
6 10000 6
6 1000 5
6 2000 5
6 3000 5
6 4000 5
6 5000 5
6 6000 5
6 7000 5
6 8000 5
6 9000 5
6 10000 5
6 1000 6
6 2000 6
6 3000 6
6 4000 6
6 5000 6
6 6000 6
6 7000 6
6 8000 6
6 9000 6
6 10000 6
6 1000 5
6 2000 5
6 3000 5
6 4000 5
6 5000 5
6 6000 5
6 7000 5
6 8000 5
6 9000 5
6 10000 5
6 1000 6
6 2000 6
6 3000 6
6 4000 6
6 5000 6
6 6000 6
6 7000 6
6 8000 6
6 9000 6
6 10000 6
6 1000 5
6 2000 5
6 3000 5
6 4000 5
6 5000 5
6 6000 5
6 7000 5
6 8000 5
6 9000 5
6 10000 5
6 1000 6
6 2000 6
6 3000 6
6 4000 6
6 5000 6
6 6000 6
6 7000 6
6 8000 6
6 9000 6
6 10000 6
6 1000 5
6 2000 5
6 3000 5
6 4000 5
6 5000 5
6 6000 5
6 7000 5
6 8000 5
6 9000 5
6 10000 5
6 1000 6
6 2000 6
6 3000 6
6 4000 6
6 5000 6
6 6000 6
6 7000 6
6 8000 6
6 9000 6
6 10000 6
