2 100 5
2 200 5
2 300 5
2 400 5
2 500 5
2 600 5
2 700 5
2 800 5
2 900 5
2 1000 5
2 100 6
2 200 6
2 300 6
2 400 6
2 500 6
2 600 6
2 700 6
2 800 6
2 900 6
2 1000 6
2 100 5
2 200 5
2 300 5
2 400 5
2 500 5
2 600 5
2 700 5
2 800 5
2 900 5
2 1000 5
2 100 6
2 200 6
2 300 6
2 400 6
2 500 6
2 600 6
2 700 6
2 800 6
2 900 6
2 1000 6
2 100 5
2 200 5
2 300 5
2 400 5
2 500 5
2 600 5
2 700 5
2 800 5
2 900 5
2 1000 5
2 100 6
2 200 6
2 300 6
2 400 6
2 500 6
2 600 6
2 700 6
2 800 6
2 900 6
2 1000 6
2 100 5
2 200 5
2 300 5
2 400 5
2 500 5
2 600 5
2 700 5
2 800 5
2 900 5
2 1000 5
2 100 6
2 200 6
2 300 6
2 400 6
2 500 6
2 600 6
2 700 6
2 800 6
2 900 6
2 1000 6
2 100 5
2 200 5
2 300 5
2 400 5
2 500 5
2 600 5
2 700 5
2 800 5
2 900 5
2 1000 5
2 100 6
2 200 6
2 300 6
2 400 6
2 500 6
2 600 6
2 700 6
2 800 6
2 900 6
2 1000 6
4 100 5
4 200 5
4 300 5
4 400 5
4 500 5
4 600 5
4 700 5
4 800 5
4 900 5
4 1000 5
4 100 6
4 200 6
4 300 6
4 400 6
4 500 6
4 600 6
4 700 6
4 800 6
4 900 6
4 1000 6
4 100 5
4 200 5
4 300 5
4 400 5
4 500 5
4 600 5
4 700 5
4 800 5
4 900 5
4 1000 5
4 100 6
4 200 6
4 300 6
4 400 6
4 500 6
4 600 6
4 700 6
4 800 6
4 900 6
4 1000 6
4 100 5
4 200 5
4 300 5
4 400 5
4 500 5
4 600 5
4 700 5
4 800 5
4 900 5
4 1000 5
4 100 6
4 200 6
4 300 6
4 400 6
4 500 6
4 600 6
4 700 6
4 800 6
4 900 6
4 1000 6
4 100 5
4 200 5
4 300 5
4 400 5
4 500 5
4 600 5
4 700 5
4 800 5
4 900 5
4 1000 5
4 100 6
4 200 6
4 300 6
4 400 6
4 500 6
4 600 6
4 700 6
4 800 6
4 900 6
4 1000 6
4 100 5
4 200 5
4 300 5
4 400 5
4 500 5
4 600 5
4 700 5
4 800 5
4 900 5
4 1000 5
4 100 6
4 200 6
4 300 6
4 400 6
4 500 6
4 600 6
4 700 6
4 800 6
4 900 6
4 1000 6
6 100 5
6 200 5
6 300 5
6 400 5
6 500 5
6 600 5
6 700 5
6 800 5
6 900 5
6 1000 5
6 100 6
6 200 6
6 300 6
6 400 6
6 500 6
6 600 6
6 700 6
6 800 6
6 900 6
6 1000 6
6 100 5
6 200 5
6 300 5
6 400 5
6 500 5
6 600 5
6 700 5
6 800 5
6 900 5
6 1000 5
6 100 6
6 200 6
6 300 6
6 400 6
6 500 6
6 600 6
6 700 6
6 800 6
6 900 6
6 1000 6
6 100 5
6 200 5
6 300 5
6 400 5
6 500 5
6 600 5
6 700 5
6 800 5
6 900 5
6 1000 5
6 100 6
6 200 6
6 300 6
6 400 6
6 500 6
6 600 6
6 700 6
6 800 6
6 900 6
6 1000 6
6 100 5
6 200 5
6 300 5
6 400 5
6 500 5
6 600 5
6 700 5
6 800 5
6 900 5
6 1000 5
6 100 6
6 200 6
6 300 6
6 400 6
6 500 6
6 600 6
6 700 6
6 800 6
6 900 6
6 1000 6
6 100 5
6 200 5
6 300 5
6 400 5
6 500 5
6 600 5
6 700 5
6 800 5
6 900 5
6 1000 5
6 100 6
6 200 6
6 300 6
6 400 6
6 500 6
6 600 6
6 700 6
6 800 6
6 900 6
6 1000 6
